6233 8992
10338 4375
4956 9381
5477 5106
1798 2104
7732 5011
8104 5470
8330 11893
4121 6919
7487 8410
8460 5341
11549 13753
9967 10729
11501 10739
19192 20759
20705 20574
9068 13707
8687 4525
14353 23091
26341 18015
7610 8073
14684 16166
3507 7239
8022 13321
11069 7518
18702 14317
3347 5755
2584 8295
25464 27286
18067 17471
9168 13150
20301 17674
24858 25766
23244 25907
17342 22311
39599 35027
20147 17820
19499 15862
29626 33746
8863 13547
26744 25723
35881 36118
37977 34991
43697 47415
34047 39988
39917 37870
17067 13987
12315 9795
45252 40723
42732 46011
44797 43727
12864 22103
25661 28647
44353 44605
10309 2998
45202 49245
27429 26412
37598 44811
26236 24328
41163 37310
57345 58126
56004 49276
15039 15087
21614 14577
15921 13304
64854 56778
14467 10131
34205 34128
43772 41188
23988 16250
52074 48516
19072 20711
20964 19053
42582 42684
13271 11020
22029 21703
32177 29657
69776 64215
47148 42474
22994 24958
63600 64881
47862 46420
51897 58581
37319 39610
48432 53119
58597 59750
72517 70953
15774 13995
27821 26487
59193 59760
32302 28724
33100 37408
39385 39587
60652 62100
41263 38624
54389 56065
38188 38151
72678 74215
35420 31739
54632 52709
94154 86877
23063 23409
87378 89020
85672 91314
16373 18824
82710 82525
20358 20472
96551 101025
29912 27247
51197 52515
76300 81039
32875 29050
15532 12421
41019 41879
66658 66094
64282 58881
40239 34093
106493 112130
112678 110848
77314 77431
74142 72540
19218 25948
113943 113364
64652 64029
84097 79440
81994 83023
113830 114648
112244 117860
58272 57935
27731 30658
41057 38191
61853 53212
53684 49631
12925 11817
96505 95990
74143 70671
93252 89441
64243 70120
87565 86690
10986 11549
47954 45815
92870 94980
14709 21493
74856 69978
44876 49213
13280 17143
118802 119806
20931 21489
107014 114231
15430 8230
130245 131319
73849 76988
93215 92589
101485 107038
139962 144665
127099 129262
9883 5201
127050 128386
28446 28871
16139 10147
61220 60824
141692 145097
128608 129025
104253 104487
52858 50959
150973 150828
101848 107520
91635 89725
79928 76565
121097 117885
15326 14433
119474 123632
73561 68556
102848 97603
17542 19750
95620 93661
160466 160233
59080 53821
109351 109222
103290 106611
140832 141425
62416 61530
92151 98765
68647 66522
105742 107841
20551 21835
75871 72520
38639 35799
142057 139859
34822 33822
35222 36335
39930 40028
91491 98147
118911 112818
69495 72525
144903 146085
147561 153076
149764 147815
77302 77832
151505 151091
147771 149781
78774 78385
133344 127188
74337 70392
29755 34404
102740 107277
179163 180221
183490 183819
66156 63249
65859 60726
24992 21021
72587 74703
12863 17811
191769 190203
11856 11362
84613 85820
57095 57323
191472 198339
79788 85366
136050 132919
62681 68770
64205 65855
27353 27351
27620 21763
180868 182506
81543 80706
11300 11902
146550 138965
11306 13015
106926 109586
186965 185469
128293 128600
181589 176563
46247 46247
8204 8696
172716 181115
168225 172832
154099 157923
54526 60905
192211 187927
102769 99472
1941 956
143270 151686
54569 57128
203712 204532
95902 101311
175656 180484
54671 53034
28568 32390
187291 184075
105038 101859
186443 187410
55711 62935
136996 142586
197770 197976
208152 200864
31889 34158
96182 92013
207231 203990
139596 139058
14805 11408
216671 209708
120242 122961
203309 203932
146672 139772
202232 200171
203612 203502
11184 8393
76051 76122
148535 146095
97706 94042
65875 64385
23544 17586
223677 225023
124252 127235
153979 153751
189060 192535
117202 119770
16427 11841
130309 126142
118836 109446
109299 112217
228147 229167
237540 242383
152124 149400
251365 248944
79220 74982
210077 210521
30221 31328
104886 99393
208165 210976
223467 223386
28112 23334
136545 134333
21177 29418
73631 73312
69144 76487
33422 37241
161058 161024
109596 108158
147127 145237
153661 151311
262320 261660
233899 231123
132680 125326
89219 87808
147592 148771
41408 41650
165873 167868
102818 98318
219850 222793
148157 146738
16690 18375
152698 146918
91628 95358
53200 50694
12380 15471
160788 157070
102802 103018
8146 11442
83403 86134
155895 154525
287032 286999
56785 59692
28247 26191
101002 105265
252480 253081
215978 217574
49317 46735
236609 237349
295202 292620
205676 207590
279089 280966
136061 136358
235344 242444
257926 263804
51723 45998
75529 76296
217003 218950
123423 123233
78604 78461
20697 22079
149915 152881
138395 141042
142242 151477
108332 110202
318319 313661
94280 93374
94657 100417
264853 266761
89113 87243
195297 192452
189393 196065
323440 317380
159077 158241
258446 254143
33061 25455
52145 44704
75330 76764
235782 238575
61614 62634
244028 250268
49103 49470
142675 141599
300056 298618
14895 21276
42019 43926
86449 84920
254472 249552
298441 301176
123333 125524
100046 102408
139480 134109
56808 56061
35369 33307
26513 27375
188169 194418
293263 292701
174819 177048
191504 192830
59918 57610
127428 130532
269727 274447
129162 124723
12824 6041
283089 279940
97758 99919
278087 279628
139181 140378
82166 81083
125878 130666
133880 136415
297155 299201
132857 132898
351362 357749
265732 261729
94912 103813
200570 193929
263961 261801
149955 141028
90254 93343
330682 332168
90939 96863
261260 258642
104449 103210
107628 108333
139862 141232
48270 47979
340316 331829
279821 279775
341093 343804
78998 82824
279767 273467
332827 336232
236090 237297
97737 91706
55708 57901
13508 14250
372381 367187
134758 133987
124457 131034
241510 243149
13894 7195
23119 24024
105994 110486
361729 364882
242662 242844
110755 111586
148728 149891
50792 43460
46807 53225
358626 356832
386982 387446
71018 69188
25289 23997
352700 353538
90525 95790
346285 349643
72047 73226
225375 231968
233799 234296
377257 371917
272854 266704
375753 373874
259438 260314
144446 147769
26969 30049
376512 371554
90589 94189
84383 77942
164697 168846
257495 259442
76537 75129
306270 307303
153515 153688
47310 46872
77647 84590
153129 154686
37267 31500
145893 139324
32046 26569
393337 389968
234594 237147
148252 150063
55776 58349
315359 318906
386947 388872
203521 202844
373214 369610
156424 152506
101324 100892
23518 17220
66861 66358
276459 270909
399821 400153
24184 28554
356794 363034
314927 311244
112943 118939
116035 121262
259237 256806
181397 182217
11358 10988
431368 437609
295943 293977
415598 423488
250901 257212
330398 326992
286868 293517
232478 233185
391176 387025
427809 430757
150863 149500
199737 195205
249382 244634
373526 370439
392430 390078
437492 440521
181134 179866
362776 357577
299985 293655
4994 3550
455270 452079
408975 409604
268572 263981
399685 397519
451094 459719
411701 405723
66181 62874
182584 182514
339093 333460
439048 437566
10592 6499
393345 390452
383370 384434
358613 354425
423072 422312
323898 325207
90798 89408
137529 138029
152930 157909
460623 452169
120420 116273
351437 351622
101457 95115
240818 245046
59393 61850
212467 212106
256283 255089
296376 295064
169874 167609
229712 229328
335237 334478
433020 430086
338939 336308
75969 71527
306294 309408
407612 402627
398018 393302
251904 246163
246300 244522
255851 251040
58056 58086
263011 261661
351365 353171
245540 246100
208901 209627
365619 357162
352698 350665
387085 385696
274114 278086
299966 296293
64613 64537
121481 122099
420456 416345
352846 354000
433268 431207
198868 197566
54763 60540
345537 340814
383820 382410
268233 271684
78293 81416
190592 191088
95592 100931
306141 308460
440756 440451
54432 52312
81934 82877
316632 314449
16628 15740
176975 180026
15875 20695
231284 232088
487615 487266
165986 169153
280692 276252
175578 172189
244017 245529
71061 72938
460544 455917
144836 151754
113249 119735
43500 46557
433974 435815
377675 375458
520802 513784
374073 378504
194859 202984
125275 118764
183007 181513
210125 201890
333416 333782
209174 210252
432637 439741
323854 324930
151119 156432
197485 200645
501190 507333
194717 192628
60749 54326
51868 47770
296598 287237
447971 451525
46962 51469
303997 300792
108761 105997
258497 253533
309532 309043
492390 491859
273180 269967
493253 497387
245339 242825
34996 29265
221724 218323
385244 378855
112086 117879
347852 344923
455768 460348
9841 13582
532049 539148
483704 481457
260179 266703
343494 344567
101171 106353
112597 108552
150831 141650
290342 292726
328268 331133
28651 28000
562554 561357
293333 289081
162109 154547
340128 342342
302516 302093
107935 113318
253785 256566
474530 477185
392062 394806
318824 315031
208807 211321
134539 132991
172377 174180
529059 528167
292784 294717
9128 12357
399030 401989
365982 362898
153186 155356
203164 210115
18104 13103
155160 154926
487785 490437
108163 101994
129083 129809
344925 343444
132932 136096
81186 83020
192186 196392
237899 241046
480026 478032
122923 116860
231281 232561
220207 221737
406227 403126
567262 565173
460947 463598
8316 8571
183305 180328
54022 49723
162398 161246
287140 286119
487838 486031
189969 190965
528142 534640
379547 379825
302210 307774
462115 457429
306089 305239
186376 192912
344885 345663
355929 360097
305210 313446
434974 438845
204274 204588
165153 168036
285437 284588
588208 594141
152953 154367
605460 606203
599729 602204
150336 145897
76757 73397
9123 9764
484446 483538
21549 26795
96547 94505
380344 376574
22400 25422
357378 353679
197949 196068
290666 285286
234119 227958
143447 142009
578673 577511
387589 382405
196195 196616
90852 92068
579579 582094
122364 122184
126182 129499
617174 620955
444720 446455
227281 229991
531132 528060
66650 67706
588340 583611
504190 499268
154161 146923
40103 39840
611982 616024
405723 409284
207919 202717
412024 405473
371014 378466
412989 411590
208345 207784
102783 103412
135700 135042
484198 489152
602952 599421
572665 575615
45152 40519
663786 661348
611710 609806
614300 622810
268096 269014
73194 75287
516752 513650
577847 582045
69397 70509
287434 287444
642286 644257
525724 524454
435830 428827
414938 416638
408253 407796
24013 22161
618458 623756
118405 123103
136957 145746
306147 298705
384346 379319
297931 297003
592820 586531
368384 372022
378862 382667
406647 410301
112880 110339
298111 299027
283038 278368
613666 614483
266262 266590
57977 57207
415897 410983
282139 288129
574345 568448
516414 509461
469697 468259
286645 277839
213851 211697
336016 331997
637225 640131
104719 105311
137213 134040
590697 596248
179260 174077
152454 156621
446140 444244
570983 566553
473285 470902
209209 205889
341150 336469
619853 621062
327953 325968
114921 119776
378094 370757
526681 531924
447536 447434
676033 672826
447587 441724
527488 534750
226249 225936
291682 290720
401716 402611
168699 165396
670223 676305
528581 525383
494841 496744
590703 587002
366213 364694
357672 349374
452596 445483
505213 500153
439447 434253
516505 519466
342646 343951
200528 198831
346005 344129
419769 411342
607453 602620
193548 192773
42266 47284
265352 274978
514213 515767
564105 566568
484850 494765
510591 514457
103364 105629
682405 688358
709898 704325
308382 310206
66497 65550
91892 90398
209747 212616
249383 248770
348898 347304
217367 222431
719723 720477
321452 327888
210715 216418
506324 506065
628902 619155
593450 597222
402227 401114
233585 226692
374381 371071
429315 430255
477464 477976
314732 314614
429243 427161
278299 280791
619401 626823
58718 58201
394103 396998
392069 390336
677978 673336
393624 397709
35555 30218
332282 331643
764118 761894
184859 189197
198092 202611
120565 120639
10017 9528
386502 385850
504000 502969
420815 413947
48112 45013
616116 617147
765882 765134
663924 667544
475620 469495
311222 310550
152332 154321
72581 68735
58850 63780
67980 73929
411384 414242
408077 414244
273941 266051
699872 698477
186819 185907
425035 425073
383342 385223
420843 417410
644111 643772
433474 426346
250556 258136
177164 181023
759526 761537
204069 200235
34650 32608
579012 587270
635722 641917
536902 536423
784204 780844
626830 623349
235448 231387
503168 507674
447710 448257
617856 621169
745384 744512
63464 72627
16818 15916
546833 547753
20640 25074
30788 28059
463264 463238
419949 420758
262071 265309
98075 97446
306230 310397
32209 32569
503849 495485
99091 98025
380079 382546
131580 133476
433220 429664
44900 48593
382489 386342
530568 530447
253801 250794
387841 388293
797156 795668
14964 15036
731073 736672
561794 562579
313701 313149
778447 782326
339799 341087
431671 428484
366067 365243
767777 776227
483415 489915
681853 677926
277124 271566
789319 789006
755277 754357
19814 22410
781277 778674
315238 321957
149227 156458
512820 514976
272685 279128
712218 713005
530761 528529
647547 651050
643409 649647
99165 98880
558214 564897
393351 398936
651846 653555
263394 266386
263894 262836
79653 78668
755181 761168
38208 37314
756474 758334
477036 471678
459536 466275
664978 665360
529683 528420
731869 736498
306966 299823
252088 252013
494192 496096
322696 322285
452424 452386
686304 691111
23597 30318
362488 365588
819257 816273
613436 615488
543299 538256
244127 245356
528143 523445
437258 432202
509371 505734
756842 756285
864087 857988
117472 123890
273096 268379
795659 788809
87255 85673
413483 414458
796295 792480
440380 434065
604192 596774
263960 265991
270320 276049
22559 30272
470002 474718
829235 824711
188575 189548
525490 529555
33721 32047
71407 66122
683046 683164
605667 603812
522025 519278
635569 639730
93089 85060
147342 141391
878115 884212
30758 30182
820903 823456
436892 437679
639786 645208
82257 81428
